0 0.27330013750000004 0.1752191375 0.2651503125 0.174859321875 0.2585675984375 0.1794378203125 0.2590894140625 0.19776725312500001 0.25616283906250004 0.22760769062500003 0.27172626875 0.373424903125 0.2699499421875 0.375875403125 0.2741290703125 0.3841373734375 0.2768450578125 0.40290338593749997 0.27642682343749997 0.4117927734375 0.2812324234375 0.43321771406250004 0.2806052671875 0.44066356406249996 0.28159687187500004 0.45 0.31015625 0.45 0.31015625 0.1907170953125 0.30955596875 0.1901438671875 0.280509715625 0.172027140625 0.27330013750000004 0.1752191375
0 0 0.45 0.2706154 0.45 0.26805309374999997 0.4307693546875 0.268767653125 0.424045275 0.263462040625 0.3953456 0.26529955156249996 0.3759521671875 0.2578512109375 0.3379835625 0.2523419296875 0.29606387968750003 0.247954259375 0.282692484375 0.25132196093750003 0.28001383281250003 0.2484654375 0.2539160453125 0.2493843359375 0.239803153125 0.247242565625 0.2010930515625 0.2432630921875 0.1876646171875 0.23458891718750002 0.18814065 0.2218324765625 0.1980194140625 0.2143828921875 0.19832433124999999 0.21183177656250002 0.195000671875 0.210607471875 0.18633943749999998 0.2021381109375 0.1647060703125 0.1788714171875 0.15029254375 0.16254351250000001 0.15257406874999999 0.1470317125 0.163573871875 0.128254046875 0.183862328125 0.12182462187500001 0.194329059375 0.1188648296875 0.20578302499999998 0.07090021875 0.25517470625 0.052327271875000005 0.2562978828125 0.049367765625 0.2589194984375 0.0420198265625 0.271722653125 0.037427053125 0.28929300625 0.0324264640625 0.295143928125 0.03426330625 0.296359315625 0.0328340890625 0.31275159218750004 0.023955764062500003 0.31472820156250003 0.024976115625 0.31900178281249997 0.0223226875 0.3237887046875 0.0175264359375 0.3222508171875 0.004871925 0.3357954671875 0 0.34451401718749997 0 0.45
0 1 0.340683440625 0.998595378125 0.3410618203125 0.9795011546874999 0.3525811578125 0.9728269624999999 0.369122875 0.9631198968750001 0.3737871140625 0.9591461171875 0.38214409531250004 0.9621789937499999 0.3940215734375 0.990205615625 0.40810356406250003 0.9956315437500001 0.42747680312499997 1 0.4297768125 1 0.340683440625
0 1 0.2500340125 0.99443195625 0.2500309125 0.9773505234375 0.25682404375 0.9700815671875 0.2689840453125 0.9536360125 0.28015889375 0.9512764140625001 0.2994701671875 0.957775471875 0.317575734375 0.9742397390624999 0.33320791875 1 0.3306443171875 1 0.2500340125
0 0.85800515625 0.408834553125 0.8666498953125 0.398693165625 0.8697303406250001 0.3848590390625 0.8837780390625 0.3683792875 0.8848464484375 0.3492402578125 0.85593220625 0.31417286875 0.8243971468750001 0.287290215625 0.8058535625 0.28093819531249997 0.7961221421875 0.2834115765625 0.7845461078125 0.29954684062500003 0.7728087421875001 0.30565099687499997 0.7536502890625 0.3038529390625 0.728014371875 0.3185965984375 0.69652195625 0.35426369375 0.7041043765625 0.37219701562499996 0.724659996875 0.3838539359375 0.727006878125 0.427092409375 0.7653359703125 0.44855988281250003 0.7665485984375 0.45 0.8032519375 0.45 0.8033423984375 0.4499651390625 0.8297423343749999 0.422827271875 0.8467335125 0.418224996875 0.85800515625 0.408834553125
0 0.6577644015625 0.3922319234375 0.635518878125 0.41429910000000003 0.61653365625 0.42362757812499996 0.6031550578125 0.43664879843750004 0.6008297078125 0.45 0.6947948 0.45 0.6998202203125 0.4288631625 0.6998140828125 0.41992748437499994 0.6758233703125 0.394202225 0.6577644015625 0.3922319234375
0 0.651224965625 0.3797757484375 0.6681410343749999 0.3640469375 0.671423575 0.3513082390625 0.66983633125 0.3224825890625 0.6387957296875 0.311108190625 0.6254771796874999 0.3162891625 0.6018323624999999 0.3474642609375 0.6092157859375 0.372142403125 0.6222317187499999 0.38264192812500003 0.651224965625 0.3797757484375
0 0.4387414875 0.4163187671875 0.4500832640625 0.414768571875 0.4609439234375 0.40099641249999995 0.4579362015625 0.3801832546875 0.4503688078125 0.3722810421875 0.43256153125 0.3646613484375 0.40657229375000004 0.371564759375 0.40406432031249995 0.389780603125 0.4146332265625 0.4095602953125 0.4387414875 0.4163187671875
0 0.22308445625 0.7417636937500001 0.23074136875 0.759697015625 0.2514989359375 0.7713539359375 0.253868875 0.8145924093750001 0.292574528125 0.8360598828124999 0.300225290625 0.8450575265625 0.30802666562500003 0.8462149203125 0.31015625 0.8454022171875 0.31015625 0.6879826734375001 0.3001207140625 0.693150996875 0.280774040625 0.6913529390625001 0.25488626718749996 0.7060965984375 0.22308445625 0.7417636937500001
0 0.184330009375 0.7797319234375 0.16208613125 0.8017991 0.1431023109375 0.811127578125 0.1297247015625 0.8241487984375 0.1269338703125 0.840173784375 0.1305251640625 0.8564329781250001 0.154195146875 0.8710317015625 0.1784723546875 0.86320510625 0.20633471874999998 0.8627020265625 0.2192430984375 0.84639451875 0.2263827203125 0.8163631625000001 0.2263765828125 0.807427484375 0.20238764374999998 0.781702225 0.184330009375 0.7797319234375
0 0.177787465625 0.7672757484375 0.19470353437500001 0.7515469375 0.197986075 0.7388082390624999 0.19639883125 0.7099825890625 0.1653582296875 0.698608190625 0.1520396796875 0.7037891625 0.1283948625 0.7349642609375 0.13577828593750002 0.759642403125 0.14879421875 0.7701419281249999 0.177787465625 0.7672757484375